--- [ 持倉損益 (Positions: 19) ] ---
商品         持倉     成本       現價       損益(P&L)       總價值
GDXU         36.0     356.73     387.00     +1,089.8        13,932.0
IBKR         31.4     52.57      73.72      +664.4          2,315.5
AGQ          15.0     130.11     165.00     +523.4          2,475.0
DFEN         38.0     77.74      89.00      +427.8          3,382.0
SOXL         70.0     63.40      65.46      +143.9          4,582.2
1OZJ6        1.0      5087.7     5171.2     +83.5           5,171.2
EWJ          38.0     90.43      91.40      +36.9           3,473.2
Q0X          30000.0  0.07       N/A        +0.0            0.0
CLR          5000.0   0.80       N/A        +0.0            0.0
VXMH6        1.0      20.49      20.38      -11.5           20.4
SPMO         26.0     120.13     119.22     -23.7           3,099.7
MJYH6        -2.0     0.006464   0.006480   -40.9           0.0
MBTG6        2.0      66522.02   66272.50   -49.9           132,545.0
TQQQ         124.0    52.12      49.25      -356.7          6,106.4
BMNU         280.0    7.28       1.98       -1,484.6        554.3
CONL         160.0    17.31      7.07       -1,639.1        1,131.2
BMNR         259.0    35.21      19.64      -4,033.8        5,086.8
ETHT         200.0    36.65      13.62      -4,606.3        2,724.0
BITU         419.0    29.60      11.59      -7,544.5        4,856.2
----------------------------------------------------------------------------------
總浮動損益: -16,821.27 USD
帳戶淨值 : 87002.33 SGD
可用資金 : 33449.02 SGD
